400
157
195
157 13 158 18 194 19 195 8
156 12 157 8 195 10
155 4 157 11 195 9
155 13 157 7 158 3 194 20 195 8 197 7
157 19 193 14 194 10 195 11 196 17
156 5 157 1 195 3
156 16 157 17 192 11 195 19
157 1 158 16 195 12 196 17
156 16 157 15 158 4 195 16
155 16 157 11 158 9 195 18 196 13
157 13 195 5 196 19
156 10 157 18 195 8 197 18
156 12 157 14 159 12 194 20 195 6 198 7
157 15 158 15 194 17 195 8
154 16 155 10 157 9 195 3 196 20
156 17 157 20 192 12 194 12 195 10
156 14 157 1 195 1
156 20 157 6 194 8 195 20 196 12
157 10 158 18 193 16 195 2
155 11 157 18 158 17 195 2
157 20 195 18 196 15
157 9 195 4
157 9 195 6
157 8 194 1 195 2
156 6 157 14 158 16 194 5 195 7 196 15
156 4 157 19 195 7 198 16
157 15 195 8 198 15
157 1 158 18 194 6 195 14
157 5 195 12 197 9
156 7 157 17 195 10 196 14
157 1 194 6 195 8
156 10 157 17 194 6 195 14 196 16
157 19 194 13 195 11 196 12
156 14 157 16 195 7 196 10
157 3 158 17 195 4
156 1 157 9 194 18 195 4
157 17 158 5 195 11 196 15
153 19 157 4 195 5 196 3
156 12 157 9 158 17 159 3 195 8
157 2 160 15 194 7 195 16 196 17
157 20 158 8 159 14 195 4
157 15 158 19 194 3 195 16 196 1 197 9
157 4 195 19
156 4 157 7 159 2 160 10 195 1 198 13
157 20 195 18
157 20 158 15 195 18
157 11 195 6 196 17
156 18 157 8 158 10 195 18
157 6 159 10 194 12 195 11
156 11 157 14 194 5 195 8 196 6
157 9 158 18 194 7 195 11
154 8 157 16 195 13
157 9 195 15
157 17 195 12
157 10 158 18 194 6 195 10 196 19 197 5 200 8
157 2 195 11
156 13 157 6 193 12 195 1
156 19 157 3 159 8 195 16 198 3
156 18 157 11 194 15 195 1
156 8 157 20 159 20 195 16
156 1 157 5 158 15 195 3
156 19 157 2 195 17
156 1 157 20 195 20 196 19
155 12 156 8 157 15 193 18 195 7
157 4 158 3 159 20 194 8 195 8
155 5 157 19 158 18 195 14 196 11
156 8 157 17 193 16 194 19 195 15 197 9
156 20 157 18 195 19
157 15 158 15 195 19 198 5
156 6 157 19 195 18 199 18
155 9 156 18 157 11 158 3 192 17 194 12 195 5 196 17 197 8
157 6 158 17 195 6 196 8
155 14 157 4 195 8
155 6 156 6 157 16 195 9 196 20
156 10 157 6 195 7
155 20 157 4 193 11 194 11 195 18
157 11 194 17 195 15 196 16
155 17 156 11 157 17 193 17 194 3 195 18
157 7 192 8 195 2
157 7 195 19
157 9 158 20 160 5 195 16 196 2
157 10 195 16
157 15 195 15 197 18
157 8 158 1 194 6 195 15 196 7
157 20 158 10 195 13
157 7 194 4 195 2 196 10
157 2 158 19 195 7 196 5 197 19
157 4 158 13 194 20 195 5
157 5 195 13
156 5 157 11 195 7 196 17 197 14
154 4 157 16 159 2 160 18 194 2 195 10
156 16 157 9 158 12 160 18 194 16 195 12
157 9 162 2 192 11 194 1 195 20
157 15 194 20 195 18
156 17 157 17 158 16 195 5 198 12
157 18 195 15 196 18
156 7 157 12 194 20 195 20
157 7 191 2 193 6 194 3 195 14 196 19
155 7 156 16 157 13 158 15 195 20
155 12 157 5 194 3 195 3 196 13
157 20 158 5 194 13 195 7 196 16
156 9 157 6 158 6 195 1 196 12 197 4
154 2 156 8 157 10 194 10 195 6 197 13
156 7 157 10 194 11 195 15
157 14 158 15 193 4 195 12 196 20
155 15 157 15 195 13 196 5
157 19 159 10 195 2
157 4 194 7 195 7
156 4 157 14 195 7
156 16 157 7 158 1 194 3 195 19 196 8
157 1 158 9 194 20 195 8
156 8 157 18 195 9
156 9 157 7 192 7 195 3
155 9 157 14 194 18 195 1 196 12 197 19
155 14 157 7 194 9 195 17
157 17 160 1 194 15 195 1 197 2
156 3 157 9 158 8 195 1
157 8 193 12 194 8 195 8 197 16
156 17 157 1 161 8 195 5 196 18
157 7 158 16 194 15 195 8 199 6
157 1 159 13 195 17
157 18 159 1 195 19 197 5
156 1 157 19 158 14 195 2 196 12
157 14 158 15 193 11 195 15 196 15
156 6 157 9 195 16 196 20
156 20 157 14 158 8 159 4 195 20
154 10 156 2 157 3 195 9
157 16 158 3 195 15 197 5
157 16 195 19
156 1 157 8 195 3
157 15 159 15 195 19 196 7
157 13 194 2 195 5
157 1 158 10 195 18
157 16 195 3 197 15
157 16 159 17 195 3
157 17 158 16 159 18 195 16
154 6 157 5 194 20 195 10
156 6 157 12 158 4 195 15 196 6
156 3 157 8 194 12 195 10 196 15 199 15
157 13 161 8 195 6 197 3
156 12 157 4 195 16
157 11 194 5 195 19 197 11
157 6 195 14
157 20 192 10 194 5 195 2 196 3
156 19 157 9 193 14 195 15
156 18 157 16 159 18 194 17 195 7 196 11
157 6 159 9 194 14 195 12 196 17
156 3 157 13 195 5 197 1
156 16 157 1 195 9 196 14
60 19 157 7 162 14 195 3 197 9
121 18 157 13 159 9 194 7 195 8 196 13 318 9
6 12 157 19 158 17 195 14 313 13
50 17 60 4 67 15 155 13 156 3 157 1 193 1 195 11 196 16 264 19 379 11
9 10 14 3 26 9 91 16 146 9 154 15 156 2 157 20 195 2 256 12
4 17 15 5 45 16 57 4 58 17 73 10 83 4 142 3 157 11 158 6 159 1 175 10 189 4 195 10 196 18 197 11 203 8 245 4 256 16 258 4 307 17 338 18 356 7
0 13 5 15 31 10 32 8 38 2 44 4 65 10 68 18 79 18 85 1 91 20 92 18 98 4 102 7 108 18 111 6 113 20 114 5 115 1 118 4 133 10 154 3 156 12 157 7 159 14 163 18 165 7 167 11 185 8 189 16 190 1 195 1 200 19 202 19 206 10 208 16 226 3 230 9 241 10 242 2 259 13 266 10 283 13 284 8 288 20 290 14 307 12 311 3 313 13 317 19 326 9 339 18 346 18 348 9 354 4 365 11 367 16 370 18 381 18 388 11
0 3 3 6 4 15 7 17 8 10 9 20 10 5 11 14 16 20 19 11 22 6 23 1 27 20 28 12 34 20 38 20 39 17 40 7 41 5 44 12 46 10 50 20 52 8 54 18 56 4 57 7 59 9 60 3 61 1 62 20 63 14 65 7 69 17 73 18 75 14 80 6 81 1 84 2 85 2 86 12 90 5 91 2 92 9 94 5 98 15 100 9 102 2 106 6 107 6 112 17 116 18 118 11 119 15 122 4 123 8 127 4 128 12 129 20 130 17 135 13 147 10 148 8 149 13 152 5 154 16 157 12 161 4 165 17 166 14 167 5 177 18 179 8 184 20 187 3 188 2 190 7 192 7 195 2 198 15 202 9 203 8 204 17 205 19 209 12 213 12 214 10 215 17 219 3 221 14 231 11 234 10 237 15 241 7 242 12 244 5 245 9 246 2 247 12 248 18 255 16 257 17 262 5 263 1 265 5 267 4 269 19 272 7 273 13 275 15 277 6 284 6 286 12 287 14 288 1 289 17 291 1 295 8 303 6 311 11 317 5 318 20 321 16 323 1 324 1 331 19 333 11 334 17 337 13 341 14 342 18 348 9 349 15 350 1 353 18 354 11 356 4 359 10 363 13 365 2 367 14 368 20 372 2 380 17 382 13 389 16 391 2 398 10 399 3
0 17 1 17 2 8 3 16 4 3 5 19 6 18 7 11 8 3 9 6 10 9 11 8 12 11 13 12 14 11 15 10 16 20 17 5 18 18 19 13 20 13 21 3 22 11 23 11 24 15 25 15 26 11 27 5 28 7 29 9 30 18 31 18 32 12 33 19 34 9 35 3 36 20 37 17 38 3 39 15 40 9 41 10 42 11 43 3 44 14 45 14 46 4 47 2 48 4 49 7 50 13 51 17 52 11 53 7 54 20 55 9 56 10 57 4 58 8 59 2 60 14 61 12 62 8 63 1 64 12 65 16 66 2 67 16 68 6 69 19 70 20 71 6 72 13 73 4 74 4 75 10 76 12 77 1 78 16 79 3 80 8 81 11 82 11 83 9 84 20 85 2 86 8 87 4 88 4 89 7 90 17 91 6 92 11 93 17 94 14 95 5 96 3 97 18 98 4 99 2 100 1 101 7 102 16 103 16 104 5 105 13 106 1 107 1 108 15 109 16 110 15 111 15 112 8 113 1 114 15 115 17 116 12 117 1 118 13 119 20 120 9 121 18 122 16 123 8 124 14 125 17 126 17 127 20 128 19 129 15 130 2 131 18 132 5 133 11 134 13 135 13 136 2 137 9 138 14 139 17 140 14 141 15 142 5 143 13 144 11 145 5 146 10 147 12 148 3 149 15 150 12 151 13 152 1 153 2 154 17 155 13 156 12 158 15 159 13 160 19 161 8 162 12 163 16 164 15 165 2 166 10 167 6 168 13 169 19 170 8 171 2 172 18 173 5 174 14 175 14 176 20 177 18 178 18 179 7 180 6 181 5 182 16 183 17 184 15 185 11 186 14 187 7 188 12 189 3 190 15 191 18 192 6 193 3 194 12 195 3 196 2 197 4 198 5 199 6 200 8 201 13 202 1 203 17 204 19 205 12 206 14 207 18 208 2 209 8 210 13 211 6 212 20 213 19 214 9 215 8 216 6 217 20 218 8 219 18 220 18 221 17 222 13 223 20 224 6 225 12 226 9 227 2 228 18 229 4 230 14 231 11 232 19 233 20 234 14 235 3 236 12 237 19 238 10 239 17 240 18 241 15 242 14 243 4 244 18 245 3 246 5 247 5 248 7 249 4 250 10 251 3 252 3 253 5 254 14 255 6 256 9 257 7 258 17 259 9 260 16 261 13 262 8 263 19 264 20 265 3 266 13 267 1 268 15 269 14 270 2 271 7 272 16 273 12 274 12 275 17 276 3 277 11 278 12 279 4 280 12 281 6 282 13 283 13 284 14 285 3 286 1 287 10 288 12 289 15 290 13 291 17 292 12 293 3 294 19 295 3 296 20 297 3 298 3 299 11 300 17 301 14 302 11 303 7 304 16 305 2 306 17 307 3 308 8 309 18 310 7 311 12 312 6 313 11 314 16 315 13 316 7 317 3 318 10 319 2 320 16 321 13 322 17 323 10 324 5 325 2 326 16 327 11 328 7 329 4 330 3 331 20 332 5 333 6 334 11 335 15 336 2 337 7 338 3 339 12 340 16 341 4 342 20 343 3 344 5 345 6 346 13 347 18 348 19 349 17 350 5 351 16 352 7 353 4 354 20 355 6 356 11 357 2 358 10 359 7 360 18 361 1 362 11 363 16 364 12 365 17 366 12 367 17 368 10 369 20 370 15 371 12 372 20 373 14 374 5 375 15 376 18 377 4 378 10 379 9 380 2 381 10 382 19 383 6 384 7 385 10 386 12 387 16 388 3 389 7 390 13 391 15 392 19 393 15 394 5 395 20 396 5 397 13 398 14 399 10
2 11 6 6 12 20 13 3 14 5 15 18 16 4 26 9 28 6 31 18 32 16 37 1 38 6 40 3 43 2 45 10 47 4 48 16 49 13 54 5 55 13 58 3 60 14 63 12 65 3 66 12 72 13 73 12 75 10 77 2 78 13 80 16 81 6 84 12 87 7 90 8 91 11 93 4 95 9 96 8 97 18 99 13 103 3 105 1 106 10 108 2 110 7 111 20 112 12 113 13 116 8 118 18 119 8 123 2 124 6 126 9 130 8 135 13 137 19 138 11 139 9 142 16 145 1 146 10 147 5 148 19 150 13 153 8 157 6 159 7 164 8 165 15 168 17 169 14 174 12 177 10 178 19 179 20 183 11 186 5 187 11 195 14 196 20 197 17 203 6 204 13 214 18 216 4 221 4 227 2 229 15 233 13 234 8 235 5 240 9 242 5 243 18 245 19 246 9 247 7 248 16 252 10 253 1 257 9 258 19 259 20 261 15 262 7 267 1 268 18 270 5 275 7 276 2 277 15 282 12 287 14 291 9 295 7 296 5 297 11 298 19 301 19 302 17 304 3 310 12 313 17 325 7 328 5 329 13 331 2 332 19 335 3 337 10 339 4 342 7 353 14 355 2 356 17 358 15 359 13 362 8 363 17 370 12 372 1 375 10 376 14 377 1 378 20 380 14 381 15 383 5 386 2 390 7 394 3 399 10
6 5 10 3 31 11 32 9 49 16 50 7 51 20 53 7 55 3 57 15 67 13 70 10 79 13 87 2 117 12 120 10 122 20 124 19 125 6 133 8 139 20 143 4 157 3 173 8 177 12 186 16 191 8 195 14 206 5 214 17 221 14 224 1 252 5 263 19 270 9 276 16 287 10 302 4 306 18 321 12 327 9 336 10 348 2 349 2 352 13 353 20 358 12 364 6 373 19
5 2 20 14 36 19 55 11 73 1 76 19 78 18 152 15 157 19 158 9 165 15 176 10 195 3 219 6 223 11 226 17 232 20 243 17 247 1 265 5 272 19 284 10 286 16 292 2 325 14 348 16 351 8 380 18 394 5
29 6 75 4 140 6 155 8 157 5 188 8 193 6 195 7 196 3 206 12 319 13
75 6 131 12 156 6 157 19 193 15 195 11 196 14
118 8 155 9 156 4 157 11 195 20 196 4
155 5 157 8 158 16 194 1 195 1 196 1 197 12
157 12 158 3 195 12 199 4
149 1 157 16 158 4 195 16 196 10
157 11 159 13 194 5 195 6
157 7 158 17 160 4 193 1 195 3
155 9 156 20 157 20 159 6 195 4 196 6
156 3 157 2 160 7 195 7
157 5 195 13 196 7
155 11 156 8 157 2 194 4 195 9 196 12
156 12 157 17 158 16 194 12 195 17 196 2
156 11 157 20 159 8 195 7 197 20 198 6
157 3 158 11 194 5 195 20 197 14
156 16 157 18 195 14
155 8 156 3 157 10 158 5 194 9 195 13 198 12
157 7 193 13 194 7 195 11 196 14
157 12 158 3 195 12 196 12
154 20 157 13 194 18 195 7
157 3 158 9 193 2 194 18 195 11 197 13
157 8 195 2
157 15 158 7 195 4
156 11 157 18 158 6 159 4 195 13
157 17 194 19 195 13
157 20 195 3
155 10 156 19 157 8 158 9 195 8
156 17 157 17 195 11
157 17 158 9 193 3 195 19
154 2 157 3 158 10 159 5 195 10 196 4 198 2
156 7 157 4 172 9 188 16 194 13 195 1 198 14 275 14 381 7
3 1 64 13 87 1 106 13 136 13 141 17 153 16 157 15 170 7 195 20 196 12 253 15 271 3 296 5 396 16
3 4 15 12 19 10 30 20 31 10 40 2 48 19 50 13 54 6 58 18 67 17 68 9 69 6 73 4 85 4 89 5 90 8 97 12 102 11 113 18 119 8 130 11 135 17 157 15 183 14 184 18 186 18 189 18 192 10 195 8 197 2 202 11 212 19 220 14 226 4 228 4 245 11 246 11 262 8 273 4 275 10 287 10 293 19 294 3 330 18 335 7 336 7 363 12 365 7 366 18 372 11 376 16
0 6 1 1 2 12 4 15 8 16 9 2 10 10 11 14 12 2 14 17 24 13 26 2 27 14 28 14 29 12 32 2 34 1 35 17 36 8 40 10 47 3 49 6 53 19 55 2 56 14 58 15 61 12 62 12 63 11 65 2 70 18 72 13 73 19 78 7 82 6 87 3 89 15 93 20 99 7 100 19 104 3 107 12 112 5 115 19 118 19 119 17 125 9 127 6 131 17 132 20 134 11 135 10 136 1 138 17 139 5 141 10 145 17 146 15 149 17 151 5 152 7 153 13 154 2 157 17 159 2 162 7 166 12 168 11 169 4 175 13 177 6 179 20 182 1 185 13 187 15 192 1 195 2 196 19 201 14 202 9 203 14 205 14 213 4 214 3 219 7 221 13 222 20 229 11 230 1 232 1 235 1 238 16 241 20 242 5 243 7 245 19 248 3 249 2 252 4 253 8 258 7 259 7 261 5 263 19 264 7 269 19 272 16 273 17 278 8 279 11 286 3 290 18 296 10 297 17 299 4 300 13 303 8 305 8 306 2 311 16 313 9 317 17 321 7 324 16 330 18 332 16 333 5 335 13 339 7 340 19 342 1 344 7 346 15 348 13 350 19 355 19 358 12 361 17 362 4 367 12 369 16 370 12 373 17 375 20 378 13 383 12 385 10 390 12 393 17 396 15
0 15 1 12 2 18 3 8 4 20 5 14 6 5 7 2 8 20 9 12 10 5 11 12 12 12 13 9 14 2 15 12 16 20 17 19 18 12 19 19 20 8 21 3 22 20 23 17 24 2 25 7 26 3 27 5 28 19 29 19 30 8 31 13 32 8 33 10 34 13 35 18 36 2 37 7 38 6 39 3 40 2 41 8 42 2 43 15 44 4 45 3 46 19 47 1 48 14 49 12 50 9 51 20 52 2 53 16 54 11 55 3 56 13 57 15 58 6 59 1 60 6 61 6 62 6 63 5 64 15 65 12 66 3 67 2 68 2 69 19 70 9 71 5 72 17 73 8 74 9 75 3 76 4 77 2 78 9 79 11 80 9 81 20 82 19 83 12 84 11 85 6 86 13 87 14 88 6 89 10 90 4 91 2 92 11 93 17 94 3 95 13 96 4 97 8 98 8 99 14 100 7 101 18 102 3 103 10 104 12 105 12 106 10 107 6 108 17 109 7 110 20 111 11 112 11 113 7 114 9 115 19 116 19 117 5 118 12 119 1 120 7 121 7 122 6 123 6 124 19 125 15 126 20 127 19 128 14 129 9 130 11 131 7 132 18 133 7 134 2 135 14 136 17 137 16 138 12 139 1 140 6 141 10 142 1 143 12 144 9 145 5 146 13 147 13 148 3 149 8 150 20 151 8 152 14 153 13 154 16 155 7 156 9 157 9 158 3 159 5 160 7 161 15 162 1 163 16 164 2 165 15 166 12 167 7 168 14 169 12 170 20 171 8 172 12 173 2 174 11 175 18 176 3 177 14 178 20 179 18 180 6 181 7 182 7 183 7 184 8 185 18 186 13 187 15 188 9 189 15 190 18 191 19 192 13 193 10 194 6 196 7 197 19 198 13 199 20 200 3 201 4 202 12 203 18 204 18 205 14 206 8 207 17 208 1 209 1 210 6 211 5 212 13 213 1 214 19 215 10 216 14 217 10 218 20 219 6 220 7 221 20 222 8 223 16 224 11 225 17 226 14 227 13 228 18 229 6 230 6 231 2 232 18 233 20 234 16 235 5 236 8 237 17 238 7 239 9 240 10 241 11 242 9 243 10 244 11 245 3 246 16 247 10 248 18 249 18 250 13 251 19 252 2 253 1 254 20 255 1 256 15 257 16 258 19 259 15 260 18 261 14 262 17 263 2 264 10 265 8 266 12 267 14 268 14 269 4 270 8 271 10 272 8 273 8 274 7 275 3 276 20 277 16 278 13 279 6 280 2 281 13 282 8 283 11 284 15 285 9 286 4 287 17 288 14 289 8 290 17 291 11 292 11 293 8 294 15 295 8 296 17 297 9 298 13 299 5 300 8 301 7 302 6 303 13 304 3 305 10 306 16 307 6 308 8 309 5 310 2 311 14 312 7 313 7 314 1 315 7 316 9 317 11 318 12 319 5 320 4 321 6 322 1 323 7 324 17 325 11 326 15 327 5 328 18 329 7 330 5 331 1 332 18 333 7 334 18 335 20 336 19 337 3 338 16 339 9 340 6 341 1 342 12 343 14 344 7 345 12 346 7 347 15 348 13 349 3 350 3 351 7 352 6 353 6 354 17 355 8 356 15 357 11 358 6 359 20 360 17 361 9 362 5 363 7 364 3 365 15 366 12 367 5 368 1 369 13 370 7 371 9 372 16 373 17 374 3 375 2 376 8 377 11 378 8 379 14 380 19 381 14 382 6 383 17 384 3 385 8 386 10 387 9 388 18 389 17 390 8 391 20 392 11 393 9 394 2 395 19 396 5 397 11 398 7 399 10
0 20 1 6 10 19 18 11 19 4 20 14 21 19 24 12 27 14 28 20 30 4 33 15 34 1 35 2 37 15 38 4 39 9 48 9 49 4 50 20 51 15 55 2 58 6 61 13 62 9 65 1 73 16 74 9 79 17 81 12 85 7 86 20 87 10 101 17 102 15 105 14 115 11 116 14 118 20 122 10 124 13 125 13 127 1 129 10 130 5 133 6 136 16 137 7 139 2 140 18 142 3 143 13 147 19 150 2 153 12 157 17 158 19 164 9 166 9 167 17 169 2 171 8 174 19 177 9 180 15 185 17 186 7 188 6 189 7 195 5 201 20 203 4 205 7 206 15 207 10 208 9 212 10 213 11 214 20 216 4 219 7 220 5 225 1 229 12 230 20 231 11 233 12 237 17 239 15 245 1 247 3 249 3 250 9 255 3 256 12 258 15 259 10 260 5 261 19 262 1 265 1 266 9 272 1 273 5 274 3 277 6 281 2 284 20 286 18 287 18 288 14 289 16 292 17 294 2 296 10 298 5 299 9 300 12 303 19 306 5 307 11 312 14 315 5 316 3 321 20 322 16 323 11 326 11 329 19 330 4 331 3 333 20 335 19 339 8 344 11 351 5 355 16 357 13 358 14 362 2 364 4 366 6 369 3 370 16 372 3 373 17 374 14 375 14 380 19 387 16 391 17 394 17 396 18 397 13 398 9
5 14 8 2 13 7 18 11 30 2 42 7 51 12 61 6 96 19 100 12 103 11 109 11 114 6 122 1 137 7 138 6 143 19 152 10 157 18 158 11 165 6 172 10 180 2 193 6 194 16 195 8 205 5 215 15 226 12 230 4 244 8 246 19 250 9 262 16 264 11 275 3 300 3 302 2 314 17 318 19 321 2 324 12 343 18 344 6 346 1 350 12 352 12 353 6 359 12 360 2 373 20 375 8 380 20 383 15 386 12 388 12
16 16 19 11 25 15 29 13 30 11 50 15 54 3 59 13 92 8 116 4 155 20 157 13 159 14 160 19 169 6 173 11 191 14 193 1 195 18 196 9 215 2 242 12 244 20 261 11 262 6 287 6 341 6 350 6 364 2
100 4 144 2 155 19 157 2 158 8 159 15 194 9 195 1 196 3 211 7 247 19 270 6 274 8 287 17
36 10 157 1 195 13
78 9 155 6 156 15 157 10 194 15 195 10
157 7 159 18 193 5 195 5 196 18
156 5 157 12 195 15
156 17 157 14 194 18 195 16 196 15 197 14
157 3 158 10 194 20 195 12
157 18 194 12 195 8
157 20 194 16 195 20 196 20
155 1 156 14 157 2 159 16 192 1 194 18 195 20 196 4
157 10 159 16 160 4 194 7 195 12 196 12
156 11 157 14 194 3 195 7
156 4 157 13 188 15 194 18 195 19 197 19 199 5
157 10 158 15 195 5
156 12 157 3 158 7 195 17 196 7
154 13 156 1 157 12 194 7 195 4
155 6 157 11 191 2 194 17 195 9 196 10
157 17 195 3
156 10 157 17 192 19 194 3 195 19
157 1 158 13 159 4 195 4
156 2 157 15 194 11 195 15
157 17 158 3 195 18
156 5 157 13 158 8 195 19
154 18 156 15 157 4 158 12 194 1 195 18 196 9
157 10 195 1 197 15
155 6 157 1 158 9 190 2 194 17 195 9
157 10 158 19 195 1 196 13
155 6 157 15 195 1 196 1
157 11 158 16 194 3 195 15
154 20 156 16 157 16 158 19 193 20 194 10 195 3 196 2
155 5 157 1 158 7 194 8 195 6
157 19 159 1 194 9 195 20 196 5 200 16
157 3 193 11 195 12 196 5
157 15 158 13 195 5
157 13 159 14 194 8 195 12
156 5 157 6 158 10 195 17 196 9
156 19 157 9 194 9 195 11 196 15
154 4 156 5 157 20 158 10 195 20 196 1
156 16 157 15 195 16
157 14 194 18 195 8
157 8 195 16
157 4 158 4 194 5 195 7
157 8 158 2 195 11
157 3 195 12
157 20 195 20 197 9
155 5 156 2 157 16 194 8 195 4 196 15
157 15 195 1
156 10 157 4 158 1 193 19 195 2 197 3
156 3 157 6 158 6 195 18 196 1 197 7
156 2 157 3 158 13 193 16 194 1 195 16 199 13
156 10 157 17 193 15 195 13
157 18 158 20 195 8 196 8 197 9
157 15 158 12 192 9 195 14
156 12 157 4 195 3
157 10 158 10 195 12 196 19 197 14
155 9 157 20 195 8
157 11 158 20 195 17
156 15 157 17 194 6 195 12 197 20
157 11 195 16
157 15 194 10 195 15
157 20 158 15 194 14 195 19
153 7 157 16 160 14 195 14 196 5
153 12 157 18 194 2 195 8 198 20
156 9 157 2 161 8 194 1 195 15
156 15 157 10 158 20 160 6 193 18 195 13
157 17 158 17 195 15 196 3
157 18 195 14 196 19
155 11 157 8 195 13 197 16
156 2 157 5 195 16 196 13
156 8 157 10 158 16 195 12
157 13 194 4 195 19
155 3 157 6 158 20 195 10 196 7 197 7
157 4 195 9
157 6 195 9
156 4 157 17 158 14 195 11
157 8 158 10 159 7 191 17 195 13 196 11
157 13 194 15 195 8 196 17
153 18 157 16 158 13 159 10 160 15 194 18 195 13 197 16
157 20 158 9 194 4 195 8
157 3 195 7 197 7
157 2 158 11 195 4 196 3
156 15 157 20 158 16 194 4 195 4 198 2
153 4 154 16 157 4 159 13 193 7 194 18 195 17 196 19
157 13 194 17 195 1
157 3 194 18 195 6
157 5 195 14
156 2 157 7 158 4 195 5 196 1
156 6 157 4 160 20 194 17 195 14 196 13
156 6 157 8 158 14 195 10 196 13
155 7 157 8 158 1 159 16 194 8 195 2
157 18 194 16 195 20 196 20
156 7 157 7 195 17
157 7 195 3
155 3 156 1 157 4 193 4 194 19 195 13
156 17 157 16 195 18 196 8
157 2 159 14 195 7
157 19 160 16 195 15
157 16 160 13 195 10
157 2 158 13 193 10 194 12 195 20 199 17
155 2 157 14 194 14 195 4
157 11 158 1 195 1 196 18
157 19 158 19 166 11 194 5 195 10
155 6 157 20 195 2 196 2
154 17 157 5 195 2 196 7
154 11 157 14 195 2
157 17 195 11 196 19
156 13 157 11 193 9 195 15
156 8 157 12 158 9 195 4 196 15
156 18 157 7 192 10 195 10
157 17 194 5 195 18
157 16 195 8 196 4 198 20
157 5 158 16 195 20 197 8
157 13 194 2 195 4 197 15
153 19 156 14 157 9 158 13 195 10 197 8
156 14 157 11 158 16 159 4 195 12 196 15
155 10 157 13 193 14 195 5
156 15 157 16 159 16 195 9
155 4 156 16 157 15 158 13 193 20 195 16 196 9
156 9 157 13 195 8
157 20 195 11 202 9
157 4 195 16 196 14
157 9 158 16 193 17 194 12 195 16 197 6
157 1 158 1 195 11
157 7 158 3 194 8 195 9 196 19
156 6 157 1 195 17
155 7 157 18 159 3 195 19 196 15 197 8
155 3 157 4 158 13 194 12 195 13 196 16 197 13
156 12 157 20 158 15 195 11 196 2
157 18 158 15 194 1 195 11 196 19
156 11 157 18 158 4 159 6 193 6 194 17 195 17 196 5
156 15 157 11 195 13
157 2 158 10 195 4 197 10
157 11 158 6 194 5 195 5
157 7 158 10 161 4 194 18 195 16 197 17
157 5 194 1 195 1 196 6 198 4
157 18 195 12 196 20 198 20
153 14 156 12 157 17 195 2 196 12
157 14 194 11 195 2
157 20 158 5 195 19
155 5 156 10 157 17 158 10 159 17 195 8
155 19 157 6 195 16
155 16 156 17 157 3 195 17 198 14
157 19 194 16 195 4 196 6
155 6 157 20 195 15
155 9 157 17 158 16 195 15 196 4
156 8 157 18 158 10 195 2 196 7 197 6
157 19 194 2 195 6
155 10 157 12 158 1 195 10 198 3
156 19 157 20 158 2 192 7 193 8 194 5 195 14
157 4 193 11 195 10
157 19 195 18
157 12 158 11 194 7 195 11
154 13 157 11 158 8 194 1 195 5 196 12
157 2 158 10 195 19
156 20 157 5 158 15 192 4 195 19
156 4 157 12 158 8 194 13 195 6
156 5 157 14 158 19 194 13 195 20 196 19
157 15 158 14 195 20 196 1
156 16 157 20 195 16 196 11
155 5 156 10 157 11 158 8 195 1 197 19
157 11 195 13
157 19 163 3 193 4 195 2
157 10 194 6 195 15
157 4 158 20 195 10 196 2 198 5
156 18 157 15 158 14 160 13 195 15
157 14 158 12 195 5
154 10 156 6 157 10 195 12
156 4 157 18 194 5 195 8
156 1 157 17 159 19 195 15 196 3
156 17 157 6 193 2 195 11 196 3
157 12 158 18 194 19 195 16 196 4
156 1 157 14 158 20 195 9 197 7
157 10 158 16 159 19 194 9 195 4
157 16 195 10 197 17
156 12 157 20 195 11 196 1
156 5 157 9 195 13 198 17
157 18 159 4 194 20 195 5
155 4 156 12 157 8 195 1
156 15 157 12 195 11 196 5
157 5 158 16 194 3 195 4 196 10
157 5 192 6 195 2
154 11 156 4 157 10 158 18 195 12
154 1 157 20 195 11
156 7 157 10 194 20 195 20
157 18 162 7 195 4 197 2
156 5 157 20 159 1 194 3 195 13 196 11
157 7 159 11 192 16 194 6 195 12 196 11 198 7
153 8 157 16 195 17
157 17 158 18 194 3 195 3 197 5
157 5 159 15 192 17 195 7 196 16
157 6 195 18 196 18
154 9 156 1 157 4 158 17 191 2 195 11 196 4
156 6 157 8 158 5 195 1
157 9 195 20 196 10
157 18 195 14
155 17 156 11 157 18 158 5 194 6 195 13
157 9 192 19 195 15 196 20 198 16
155 6 157 7 158 5 159 1 194 17 195 1 196 17 197 8
156 15 157 1 158 6 195 10 197 17
157 15 194 14 195 10
157 9 158 9 194 10 195 14 196 17
