400
157
195
157 0 158 9 194 0 195 8 
156 7 157 0 195 10 
155 0 157 0 195 9 
155 4 157 0 158 0 194 0 195 8 197 4 
157 0 193 0 194 0 195 11 196 0 
156 5 157 0 195 3 
156 0 157 0 192 0 195 19 
157 0 158 0 195 12 196 0 
156 0 157 0 158 0 195 16 
155 0 157 0 158 0 195 18 196 0 
157 0 195 5 196 4 
156 0 157 0 195 8 197 0 
156 0 157 0 159 1 194 0 195 6 198 4 
157 0 158 4 194 0 195 8 
154 8 155 0 157 0 195 3 196 0 
156 0 157 0 192 0 194 0 195 10 
156 14 157 0 195 1 
156 0 157 0 194 0 195 5 196 0 
157 0 158 11 193 5 195 2 
155 11 157 0 158 0 195 2 
157 0 195 18 196 0 
157 0 195 4 
157 0 195 6 
157 0 194 1 195 2 
156 6 157 0 158 2 194 0 195 7 196 0 
156 0 157 0 195 7 198 8 
157 0 195 8 198 3 
157 0 158 0 194 0 195 14 
157 0 195 12 197 0 
156 0 157 0 195 10 196 0 
157 0 194 6 195 8 
156 4 157 0 194 0 195 14 196 0 
157 0 194 1 195 11 196 0 
156 12 157 0 195 7 196 0 
157 0 158 5 195 4 
156 0 157 0 194 0 195 4 
157 0 158 5 195 11 196 4 
153 11 157 0 195 5 196 1 
156 0 157 0 158 0 159 0 195 8 
157 0 160 0 194 0 195 16 196 0 
157 0 158 5 159 0 195 4 
157 0 158 0 194 0 195 15 196 0 197 0 
157 0 195 18 
156 2 157 0 159 0 160 0 195 1 198 0 
157 0 195 18 
157 0 158 0 195 18 
157 0 195 6 196 0 
156 0 157 0 158 0 195 9 
157 0 159 0 194 0 195 11 
156 0 157 0 194 0 195 8 196 0 
157 0 158 2 194 0 195 11 
154 4 157 0 195 13 
157 0 195 15 
157 0 195 12 
157 0 158 5 194 0 195 10 196 0 197 0 200 5 
157 0 195 11 
156 9 157 0 193 0 195 1 
156 0 157 0 159 0 195 16 198 0 
156 7 157 0 194 0 195 1 
156 0 157 0 159 0 195 16 
156 1 157 0 158 10 195 3 
156 0 157 0 195 17 
156 0 157 0 195 20 196 0 
155 0 156 0 157 0 193 0 195 7 
157 0 158 3 159 1 194 0 195 8 
155 2 157 0 158 0 195 14 196 0 
156 0 157 0 193 0 194 0 195 14 197 0 
156 0 157 0 195 19 
157 0 158 0 195 19 198 0 
156 1 157 0 195 18 199 4 
155 1 156 0 157 0 158 0 192 14 194 0 195 5 196 0 197 0 
157 0 158 0 195 6 196 0 
155 5 157 0 195 8 
155 0 156 0 157 0 195 9 196 0 
156 0 157 0 195 7 
155 0 157 0 193 0 194 0 195 18 
157 0 194 0 195 15 196 0 
155 0 156 0 157 0 193 0 194 0 195 3 
157 0 192 8 195 2 
157 0 195 19 
157 0 158 0 160 0 195 16 196 0 
157 0 195 16 
157 0 195 15 197 0 
157 0 158 0 194 0 195 13 196 0 
157 0 158 7 195 13 
157 0 194 0 195 2 196 0 
157 0 158 1 195 7 196 0 197 0 
157 0 158 0 194 0 195 5 
157 0 195 4 
156 0 157 0 195 7 196 0 197 0 
154 4 157 0 159 2 160 1 194 0 195 10 
156 0 157 0 158 0 160 0 194 0 195 12 
157 0 162 0 192 0 194 0 195 20 
157 0 194 0 195 18 
156 9 157 0 158 0 195 5 198 0 
157 0 195 14 196 0 
156 0 157 0 194 0 195 20 
157 0 191 0 193 4 194 0 195 14 196 0 
155 0 156 0 157 0 158 0 195 20 
155 0 157 0 194 0 195 3 196 0 
157 0 158 0 194 0 195 7 196 0 
156 6 157 0 158 0 195 1 196 0 197 0 
154 2 156 8 157 0 194 0 195 6 197 0 
156 1 157 0 194 0 195 15 
157 0 158 0 193 0 195 8 196 0 
155 0 157 0 195 13 196 0 
157 0 159 0 195 2 
157 0 194 0 195 7 
156 4 157 0 195 7 
156 0 157 0 158 0 194 0 195 19 196 0 
157 0 158 7 194 0 195 8 
156 6 157 0 195 9 
156 5 157 0 192 0 195 3 
155 0 157 0 194 0 195 1 196 0 197 0 
155 0 157 0 194 0 195 17 
157 0 160 1 194 15 195 1 197 0 
156 3 157 0 158 8 195 1 
157 0 193 0 194 0 195 8 197 0 
156 8 157 0 161 3 195 5 196 0 
157 0 158 12 194 0 195 8 199 0 
157 0 159 0 195 17 
157 0 159 0 195 19 197 0 
156 1 157 0 158 13 195 2 196 0 
157 0 158 0 193 0 195 15 196 0 
156 0 157 0 195 16 196 0 
156 0 157 0 158 0 159 0 195 20 
154 8 156 0 157 0 195 9 
157 0 158 3 195 15 197 2 
157 0 195 19 
156 1 157 0 195 3 
157 0 159 0 195 19 196 0 
157 0 194 2 195 5 
157 0 158 0 195 18 
157 0 195 3 197 8 
157 0 159 10 195 3 
157 0 158 0 159 0 195 16 
154 0 157 0 194 0 195 10 
156 0 157 0 158 0 195 15 196 0 
156 3 157 0 194 1 195 10 196 0 199 0 
157 0 161 8 195 6 197 3 
156 0 157 0 195 16 
157 0 194 0 195 19 197 0 
157 0 195 14 
157 0 192 10 194 1 195 2 196 0 
156 0 157 0 193 0 195 13 
156 0 157 0 159 0 194 0 195 7 196 0 
157 0 159 0 194 0 195 12 196 0 
156 3 157 0 195 5 197 1 
156 0 157 0 195 9 196 0 
60 0 157 0 162 3 195 3 197 9 
121 1 157 0 159 2 194 0 195 8 196 0 318 1 
6 0 157 0 158 0 195 14 313 0 
50 0 60 0 67 0 155 0 156 0 157 0 193 0 195 11 196 0 264 0 379 0 
9 0 14 0 26 0 91 6 146 2 154 0 156 0 157 0 195 2 256 3 
4 7 15 0 45 0 57 4 58 0 73 4 83 4 142 3 157 0 158 0 159 0 175 6 189 4 195 10 196 5 197 0 203 0 245 0 256 0 258 0 307 7 338 5 356 7 
0 0 5 0 31 0 32 0 38 2 44 4 65 0 68 13 79 16 85 0 91 0 92 0 98 1 102 0 108 0 111 0 113 0 114 0 115 0 118 3 133 0 154 0 156 0 157 0 159 0 163 1 165 4 167 0 185 2 189 12 190 0 195 1 200 0 202 0 206 0 208 16 226 0 230 1 241 0 242 0 259 0 266 0 283 0 284 0 288 0 290 4 307 0 311 0 313 1 317 5 326 0 339 4 346 0 348 0 354 0 365 0 367 0 370 0 381 0 388 4 
0 0 3 0 4 1 7 1 8 8 9 10 10 0 11 0 16 0 19 0 22 0 23 0 27 6 28 0 34 0 38 0 39 1 40 0 41 5 44 0 46 2 50 0 52 4 54 0 56 0 57 7 59 9 60 0 61 1 62 11 63 0 65 0 69 0 73 0 75 2 80 6 81 1 84 0 85 0 86 0 90 0 91 0 92 9 94 0 98 15 100 2 102 0 106 0 107 6 112 0 116 0 118 0 119 0 122 0 123 7 127 0 128 0 129 0 130 9 135 3 147 0 148 3 149 0 152 3 154 0 157 0 161 4 165 0 166 0 167 0 177 0 179 3 184 0 187 1 188 0 190 0 192 0 195 2 198 0 202 4 203 0 204 0 205 0 209 4 213 0 214 0 215 0 219 0 221 0 231 1 234 0 237 0 241 0 242 0 244 0 245 0 246 0 247 12 248 9 255 11 257 0 262 0 263 0 265 5 267 4 269 3 272 0 273 0 275 0 277 0 284 0 286 10 287 0 288 0 289 5 291 0 295 5 303 0 311 0 317 0 318 0 321 0 323 1 324 0 331 0 333 0 334 1 337 12 341 0 342 0 348 0 349 0 350 0 353 15 354 0 356 2 359 6 363 0 365 0 367 0 368 1 372 0 380 4 382 1 389 11 391 0 398 0 399 0 
0 17 1 17 2 8 3 16 4 3 5 8 6 18 7 11 8 3 9 6 10 9 11 8 12 11 13 12 14 11 15 10 16 15 17 5 18 18 19 13 20 13 21 3 22 6 23 3 24 15 25 15 26 11 27 5 28 7 29 9 30 14 31 18 32 12 33 19 34 9 35 3 36 20 37 17 38 3 39 15 40 9 41 10 42 11 43 3 44 14 45 14 46 4 47 2 48 4 49 7 50 13 51 17 52 11 53 7 54 20 55 9 56 10 57 4 58 8 59 2 60 14 61 12 62 8 63 1 64 12 65 16 66 2 67 16 68 6 69 19 70 20 71 6 72 13 73 4 74 4 75 10 76 12 77 1 78 10 79 3 80 8 81 11 82 11 83 9 84 20 85 2 86 8 87 4 88 4 89 7 90 17 91 6 92 11 93 17 94 14 95 5 96 3 97 18 98 4 99 2 100 1 101 7 102 16 103 16 104 5 105 13 106 1 107 1 108 11 109 16 110 15 111 15 112 8 113 1 114 15 115 17 116 12 117 1 118 13 119 20 120 9 121 18 122 16 123 8 124 14 125 17 126 17 127 20 128 19 129 4 130 2 131 7 132 5 133 11 134 13 135 13 136 2 137 9 138 14 139 17 140 14 141 15 142 5 143 13 144 11 145 5 146 10 147 9 148 3 149 15 150 12 151 13 152 1 153 2 154 17 155 13 156 12 158 15 159 13 160 19 161 8 162 12 163 16 164 15 165 2 166 10 167 6 168 13 169 19 170 8 171 2 172 18 173 5 174 14 175 14 176 20 177 18 178 18 179 7 180 6 181 5 182 2 183 11 184 15 185 11 186 3 187 7 188 12 189 3 190 15 191 18 192 6 193 3 194 12 195 3 196 2 197 4 198 5 199 6 200 8 201 13 202 1 203 17 204 19 205 12 206 14 207 18 208 2 209 8 210 13 211 6 212 20 213 19 214 9 215 8 216 3 217 20 218 8 219 18 220 18 221 17 222 13 223 16 224 6 225 12 226 8 227 2 228 18 229 4 230 14 231 11 232 18 233 20 234 14 235 3 236 12 237 19 238 10 239 16 240 16 241 13 242 12 243 4 244 18 245 1 246 5 247 5 248 7 249 4 250 10 251 3 252 3 253 5 254 14 255 6 256 9 257 7 258 17 259 9 260 16 261 13 262 8 263 19 264 20 265 3 266 13 267 1 268 15 269 14 270 2 271 7 272 9 273 12 274 12 275 17 276 3 277 11 278 12 279 4 280 12 281 6 282 13 283 13 284 14 285 3 286 1 287 10 288 12 289 15 290 13 291 3 292 12 293 3 294 19 295 3 296 20 297 3 298 3 299 11 300 17 301 10 302 11 303 5 304 16 305 2 306 17 307 3 308 8 309 16 310 7 311 12 312 6 313 11 314 16 315 13 316 7 317 3 318 10 319 2 320 16 321 12 322 17 323 10 324 5 325 2 326 16 327 11 328 7 329 4 330 3 331 16 332 5 333 6 334 11 335 15 336 2 337 7 338 3 339 12 340 16 341 4 342 16 343 3 344 5 345 6 346 11 347 18 348 18 349 17 350 5 351 16 352 7 353 4 354 20 355 6 356 11 357 2 358 10 359 7 360 5 361 1 362 11 363 16 364 5 365 17 366 12 367 17 368 10 369 20 370 15 371 9 372 13 373 12 374 5 375 5 376 1 377 4 378 10 379 4 380 2 381 10 382 19 383 4 384 7 385 10 386 12 387 3 388 3 389 7 390 13 391 1 392 19 393 14 394 5 395 20 396 5 397 10 398 10 399 10 
2 1 6 1 12 0 13 0 14 0 15 0 16 0 26 0 28 5 31 0 32 0 37 0 38 3 40 0 43 0 45 4 47 4 48 7 49 1 54 0 55 0 58 0 60 0 63 6 65 0 66 12 72 0 73 0 75 5 77 2 78 0 80 2 81 4 84 0 87 1 90 0 91 0 93 1 95 9 96 8 97 0 99 1 103 0 105 0 106 0 108 0 110 0 111 0 112 0 113 0 116 0 118 0 119 0 123 0 124 2 126 0 130 6 135 0 137 6 138 0 139 0 142 6 145 1 146 0 147 0 148 3 150 0 153 0 157 0 159 0 164 0 165 10 168 0 169 0 174 0 177 0 178 0 179 2 183 0 186 0 187 0 195 14 196 0 197 0 203 0 204 0 214 0 216 0 221 2 227 2 229 2 233 0 234 3 235 5 240 0 242 0 243 15 245 0 246 0 247 1 248 0 252 0 253 1 257 9 258 0 259 10 261 0 262 0 267 1 268 0 270 5 275 0 276 2 277 0 282 0 287 0 291 0 295 7 296 0 297 11 298 1 301 0 302 0 304 0 310 12 313 0 325 5 328 5 329 9 331 0 332 0 335 0 337 0 339 0 342 0 353 0 355 0 356 0 358 0 359 0 362 0 363 0 370 0 372 0 375 0 376 0 377 1 378 0 380 6 381 0 383 0 386 2 390 0 394 3 399 4 
6 0 10 0 31 0 32 0 49 0 50 0 51 0 53 1 55 0 57 1 67 1 70 0 79 0 87 0 117 7 120 8 122 0 124 0 125 0 133 0 139 0 143 0 157 0 173 8 177 0 186 0 191 0 195 14 206 0 214 0 221 0 224 1 252 0 263 0 270 3 276 8 287 0 302 0 306 0 321 0 327 0 336 0 348 0 349 1 352 7 353 0 358 0 364 0 373 0 
5 0 20 5 36 0 55 2 73 1 76 3 78 0 152 7 157 0 158 0 165 0 176 0 195 3 219 0 223 0 226 0 232 0 243 0 247 0 265 5 272 0 284 0 286 0 292 1 325 6 348 0 351 0 380 0 394 0 
29 1 75 0 140 2 155 0 157 0 188 0 193 0 195 7 196 0 206 0 319 13 
75 1 131 0 156 0 157 0 193 0 195 11 196 3 
118 0 155 0 156 0 157 0 195 20 196 0 
155 5 157 0 158 9 194 0 195 1 196 0 197 0 
157 0 158 0 195 12 199 4 
149 0 157 0 158 0 195 16 196 0 
157 0 159 0 194 0 195 6 
157 0 158 10 160 0 193 0 195 3 
155 9 156 6 157 0 159 0 195 4 196 0 
156 1 157 0 160 0 195 7 
157 0 195 10 196 0 
155 9 156 0 157 0 194 0 195 9 196 0 
156 0 157 0 158 0 194 0 195 17 196 0 
156 7 157 0 159 0 195 7 197 0 198 0 
157 0 158 0 194 0 195 20 197 0 
156 6 157 0 195 14 
155 5 156 0 157 0 158 0 194 0 195 13 198 0 
157 0 193 7 194 0 195 11 196 0 
157 0 158 0 195 12 196 0 
154 0 157 0 194 0 195 7 
157 0 158 0 193 0 194 0 195 5 197 0 
157 0 195 2 
157 0 158 7 195 4 
156 2 157 0 158 0 159 0 195 13 
157 0 194 0 195 13 
157 0 195 3 
155 0 156 0 157 0 158 0 195 8 
156 1 157 0 195 11 
157 0 158 0 193 0 195 19 
154 2 157 0 158 3 159 0 195 10 196 0 198 0 
156 7 157 0 172 0 188 0 194 9 195 1 198 0 275 0 381 1 
3 0 64 0 87 0 106 1 136 8 141 4 153 0 157 0 170 0 195 20 196 0 253 5 271 2 296 0 396 0 
3 0 15 0 19 0 30 0 31 0 40 0 48 0 50 0 54 0 58 0 67 2 68 0 69 4 73 0 85 0 89 0 90 0 97 0 102 0 113 0 119 0 130 2 135 0 157 0 183 0 184 0 186 0 189 0 192 0 195 8 197 0 202 0 212 0 220 0 226 0 228 0 245 0 246 0 262 7 273 0 275 0 287 0 293 15 294 0 330 0 335 0 336 0 363 0 365 0 366 0 372 0 376 0 
0 0 1 0 2 0 4 0 8 5 9 2 10 0 11 0 12 0 14 0 24 0 26 0 27 3 28 0 29 0 32 0 34 0 35 1 36 0 40 0 47 3 49 0 53 4 55 0 56 0 58 0 61 0 62 0 63 0 65 0 70 0 72 0 73 0 78 0 82 4 87 0 89 0 93 0 99 0 100 0 104 3 107 0 112 0 115 0 118 0 119 0 125 3 127 0 131 0 132 13 134 0 135 0 136 0 138 0 139 0 141 0 145 1 146 0 149 0 151 1 152 0 153 0 154 0 157 0 159 0 162 0 166 0 168 0 169 0 175 0 177 0 179 0 182 0 185 0 187 0 192 0 195 2 196 0 201 0 202 0 203 0 205 0 213 0 214 0 219 0 221 0 222 5 229 0 230 1 232 0 235 1 238 0 241 0 242 0 243 1 245 0 248 0 249 2 252 0 253 1 258 0 259 0 261 0 263 0 264 0 269 2 272 0 273 0 278 0 279 0 286 3 290 0 296 0 297 6 299 0 300 0 303 0 305 8 306 0 311 0 313 0 317 0 321 0 324 3 330 1 332 11 333 0 335 0 339 0 340 1 342 0 344 0 346 0 348 0 350 6 355 14 358 0 361 14 362 0 367 0 369 0 370 0 373 0 375 0 378 0 383 0 385 2 390 0 393 0 396 0 
0 0 1 0 2 0 3 0 4 0 5 0 6 0 7 0 8 0 9 0 10 0 11 0 12 0 13 0 14 0 15 0 16 0 17 0 18 0 19 0 20 0 21 0 22 0 23 0 24 0 25 0 26 0 27 0 28 0 29 0 30 0 31 0 32 0 33 0 34 0 35 0 36 0 37 0 38 0 39 0 40 0 41 0 42 0 43 0 44 0 45 0 46 0 47 0 48 0 49 0 50 0 51 0 52 0 53 0 54 0 55 0 56 0 57 0 58 0 59 0 60 0 61 0 62 0 63 0 64 0 65 0 66 0 67 0 68 0 69 0 70 0 71 0 72 0 73 0 74 0 75 0 76 0 77 0 78 0 79 0 80 0 81 0 82 0 83 0 84 0 85 0 86 0 87 0 88 0 89 0 90 0 91 0 92 0 93 0 94 0 95 0 96 0 97 0 98 0 99 0 100 0 101 0 102 0 103 0 104 0 105 0 106 0 107 0 108 0 109 0 110 0 111 0 112 0 113 0 114 0 115 0 116 0 117 0 118 0 119 0 120 0 121 0 122 0 123 0 124 0 125 0 126 0 127 0 128 0 129 0 130 0 131 0 132 0 133 0 134 0 135 0 136 0 137 0 138 0 139 0 140 0 141 0 142 0 143 0 144 0 145 0 146 0 147 0 148 0 149 0 150 0 151 0 152 0 153 0 154 0 155 0 156 0 157 0 158 0 159 0 160 0 161 0 162 0 163 0 164 0 165 0 166 0 167 0 168 0 169 0 170 0 171 0 172 0 173 0 174 0 175 0 176 0 177 0 178 0 179 0 180 0 181 0 182 0 183 0 184 0 185 0 186 0 187 0 188 0 189 0 190 0 191 0 192 0 193 0 194 0 196 0 197 0 198 0 199 0 200 0 201 0 202 0 203 0 204 0 205 0 206 0 207 0 208 0 209 0 210 0 211 0 212 0 213 0 214 0 215 0 216 0 217 0 218 0 219 0 220 0 221 0 222 0 223 0 224 0 225 0 226 0 227 0 228 0 229 0 230 0 231 0 232 0 233 0 234 0 235 0 236 0 237 0 238 0 239 0 240 0 241 0 242 0 243 0 244 0 245 0 246 0 247 0 248 0 249 0 250 0 251 0 252 0 253 0 254 0 255 0 256 0 257 0 258 0 259 0 260 0 261 0 262 0 263 0 264 0 265 0 266 0 267 0 268 0 269 0 270 0 271 0 272 0 273 0 274 0 275 0 276 0 277 0 278 0 279 0 280 0 281 0 282 0 283 0 284 0 285 0 286 0 287 0 288 0 289 0 290 0 291 0 292 0 293 0 294 0 295 0 296 0 297 0 298 0 299 0 300 0 301 0 302 0 303 0 304 0 305 0 306 0 307 0 308 0 309 0 310 0 311 0 312 0 313 0 314 0 315 0 316 0 317 0 318 0 319 0 320 0 321 0 322 0 323 0 324 0 325 0 326 0 327 0 328 0 329 0 330 0 331 0 332 0 333 0 334 0 335 0 336 0 337 0 338 0 339 0 340 0 341 0 342 0 343 0 344 0 345 0 346 0 347 0 348 0 349 0 350 0 351 0 352 0 353 0 354 0 355 0 356 0 357 0 358 0 359 0 360 0 361 0 362 0 363 0 364 0 365 0 366 0 367 0 368 0 369 0 370 0 371 0 372 0 373 0 374 0 375 0 376 0 377 0 378 0 379 0 380 0 381 0 382 0 383 0 384 0 385 0 386 0 387 0 388 0 389 0 390 0 391 0 392 0 393 0 394 0 395 0 396 0 397 0 398 0 399 0 
0 0 1 0 10 0 18 0 19 0 20 0 21 1 24 0 27 0 28 0 30 0 33 0 34 0 35 0 37 0 38 0 39 0 48 0 49 0 50 0 51 0 55 0 58 0 61 4 62 1 65 0 73 0 74 3 79 0 81 0 85 0 86 0 87 0 101 0 102 0 105 0 115 0 116 0 118 0 122 0 124 0 125 0 127 0 129 0 130 0 133 0 136 0 137 0 139 0 140 0 142 0 143 0 147 0 150 0 153 0 157 0 158 0 164 0 166 0 167 0 169 0 171 8 174 0 177 0 180 0 185 0 186 0 188 0 189 0 195 5 201 0 203 0 205 0 206 0 207 2 208 2 212 0 213 0 214 0 216 0 219 0 220 0 225 0 229 0 230 0 231 0 233 0 237 0 239 0 245 0 247 0 249 3 250 0 255 0 256 0 258 0 259 0 260 0 261 0 262 0 265 1 266 0 272 0 273 0 274 1 277 0 281 2 284 0 286 0 287 0 288 0 289 0 292 0 294 0 296 0 298 0 299 0 300 0 303 0 306 0 307 0 312 4 315 0 316 3 321 0 322 0 323 6 326 0 329 0 330 0 331 0 333 0 335 0 339 0 344 0 351 0 355 0 357 13 358 0 362 0 364 0 366 0 369 0 370 0 372 0 373 0 374 8 375 0 380 0 387 0 391 0 394 5 396 0 397 0 398 0 
5 0 8 0 13 0 18 0 30 0 42 7 51 0 61 0 96 9 100 0 103 0 109 3 114 2 122 0 137 0 138 0 143 0 152 0 157 0 158 0 165 0 172 0 180 1 193 0 194 0 195 8 205 0 215 1 226 0 230 4 244 0 246 0 250 0 262 0 264 0 275 0 300 0 302 0 314 0 318 0 321 0 324 11 343 12 344 0 346 0 350 0 352 5 353 0 359 0 360 0 373 0 375 0 380 0 383 0 386 3 388 0 
16 0 19 0 25 0 29 0 30 0 50 0 54 0 59 5 92 0 116 0 155 0 157 0 159 0 160 0 169 0 173 4 191 0 193 0 195 18 196 0 215 0 242 0 244 0 261 0 262 0 287 0 341 0 350 0 364 0 
100 4 144 2 155 0 157 0 158 0 159 0 194 0 195 1 196 0 211 7 247 0 270 0 274 0 287 0 
36 0 157 0 195 13 
78 0 155 3 156 0 157 0 194 0 195 10 
157 0 159 0 193 0 195 5 196 0 
156 2 157 0 195 15 
156 3 157 0 194 0 195 16 196 0 197 0 
157 0 158 0 194 0 195 12 
157 0 194 6 195 8 
157 0 194 0 195 20 196 0 
155 0 156 0 157 0 159 0 192 0 194 0 195 20 196 0 
157 0 159 0 160 0 194 0 195 12 196 0 
156 6 157 0 194 0 195 7 
156 0 157 0 188 0 194 0 195 13 197 0 199 0 
157 0 158 15 195 5 
156 2 157 0 158 0 195 17 196 0 
154 5 156 0 157 0 194 0 195 4 
155 0 157 0 191 0 194 0 195 9 196 0 
157 0 195 3 
156 1 157 0 192 0 194 0 195 19 
157 0 158 4 159 0 195 4 
156 2 157 0 194 1 195 15 
157 0 158 0 195 18 
156 0 157 0 158 0 195 19 
154 0 156 0 157 0 158 0 194 0 195 18 196 0 
157 0 195 1 197 15 
155 0 157 0 158 0 190 0 194 0 195 7 
157 0 158 11 195 1 196 0 
155 6 157 0 195 1 196 1 
157 0 158 0 194 0 195 4 
154 11 156 4 157 0 158 0 193 0 194 0 195 3 196 0 
155 0 157 0 158 0 194 0 195 6 
157 0 159 0 194 0 195 20 196 0 200 0 
157 0 193 0 195 12 196 0 
157 0 158 13 195 5 
157 0 159 8 194 0 195 12 
156 0 157 0 158 0 195 17 196 0 
156 0 157 0 194 0 195 9 196 0 
154 0 156 0 157 0 158 0 195 12 196 0 
156 3 157 0 195 16 
157 0 194 2 195 8 
157 0 195 16 
157 0 158 4 194 5 195 7 
157 0 158 2 195 11 
157 0 195 12 
157 0 195 20 197 0 
155 5 156 2 157 0 194 7 195 4 196 0 
157 0 195 1 
156 3 157 0 158 0 193 0 195 2 197 0 
156 0 157 0 158 0 195 18 196 0 197 0 
156 0 157 0 158 0 193 0 194 0 195 16 199 0 
156 0 157 0 193 0 195 9 
157 0 158 2 195 8 196 0 197 0 
157 0 158 0 192 0 195 3 
156 0 157 0 195 3 
157 0 158 0 195 12 196 0 197 0 
155 6 157 0 195 8 
157 0 158 0 195 17 
156 0 157 0 194 0 195 12 197 0 
157 0 195 16 
157 0 194 2 195 15 
157 0 158 0 194 0 195 19 
153 0 157 0 160 2 195 14 196 0 
153 0 157 0 194 2 195 8 198 3 
156 0 157 0 161 0 194 0 195 15 
156 6 157 0 158 0 160 0 193 0 195 13 
157 0 158 5 195 15 196 0 
157 0 195 14 196 0 
155 0 157 0 195 13 197 0 
156 0 157 0 195 6 196 0 
156 3 157 0 158 0 195 12 
157 0 194 0 195 19 
155 0 157 0 158 0 195 10 196 0 197 0 
157 0 195 9 
157 0 195 9 
156 1 157 0 158 0 195 11 
157 0 158 0 159 0 191 0 195 13 196 0 
157 0 194 9 195 8 196 0 
153 0 157 0 158 0 159 0 160 0 194 0 195 13 197 0 
157 0 158 3 194 0 195 8 
157 0 195 7 197 5 
157 0 158 0 195 4 196 0 
156 8 157 0 158 0 194 0 195 4 198 0 
153 0 154 0 157 0 159 0 193 0 194 0 195 8 196 0 
157 0 194 12 195 1 
157 0 194 7 195 6 
157 0 195 14 
156 0 157 0 158 0 195 3 196 0 
156 0 157 0 160 0 194 0 195 14 196 0 
156 0 157 0 158 0 195 10 196 0 
155 3 157 0 158 1 159 6 194 0 195 2 
157 0 194 0 195 20 196 0 
156 0 157 0 195 17 
157 0 195 3 
155 0 156 0 157 0 193 0 194 0 195 13 
156 0 157 0 195 18 196 0 
157 0 159 12 195 7 
157 0 160 0 195 15 
157 0 160 10 195 10 
157 0 158 0 193 0 194 0 195 20 199 0 
155 0 157 0 194 0 195 4 
157 0 158 1 195 1 196 9 
157 0 158 1 166 6 194 0 195 10 
155 6 157 0 195 2 196 2 
154 2 157 0 195 2 196 7 
154 3 157 0 195 2 
157 0 195 11 196 5 
156 0 157 0 193 0 195 10 
156 8 157 0 158 5 195 4 196 0 
156 0 157 0 192 0 195 10 
157 0 194 0 195 8 
157 0 195 8 196 4 198 4 
157 0 158 0 195 19 197 0 
157 0 194 2 195 4 197 6 
153 0 156 0 157 0 158 0 195 10 197 0 
156 0 157 0 158 0 159 0 195 12 196 0 
155 0 157 0 193 11 195 5 
156 4 157 0 159 0 195 9 
155 0 156 0 157 0 158 0 193 0 195 10 196 0 
156 0 157 0 195 8 
157 0 195 11 202 0 
157 0 195 15 196 0 
157 0 158 0 193 0 194 0 195 16 197 0 
157 0 158 1 195 11 
157 0 158 3 194 5 195 9 196 0 
156 0 157 0 195 17 
155 0 157 0 159 0 195 19 196 0 197 0 
155 0 157 0 158 0 194 0 195 13 196 0 197 0 
156 5 157 0 158 0 195 11 196 0 
157 0 158 0 194 0 195 11 196 0 
156 0 157 0 158 0 159 0 193 0 194 0 195 12 196 0 
156 0 157 0 195 13 
157 0 158 0 195 4 197 0 
157 0 158 6 194 5 195 5 
157 0 158 0 161 0 194 0 195 16 197 0 
157 0 194 1 195 1 196 4 198 0 
157 0 195 12 196 0 198 0 
153 0 156 12 157 0 195 2 196 1 
157 0 194 0 195 2 
157 0 158 0 195 19 
155 0 156 0 157 0 158 0 159 0 195 8 
155 0 157 0 195 16 
155 0 156 0 157 0 195 17 198 0 
157 0 194 0 195 4 196 0 
155 1 157 0 195 15 
155 0 157 0 158 0 195 15 196 0 
156 3 157 0 158 0 195 2 196 0 197 0 
157 0 194 0 195 6 
155 0 157 0 158 1 195 10 198 0 
156 4 157 0 158 0 192 0 193 0 194 0 195 14 
157 0 193 8 195 10 
157 0 195 18 
157 0 158 0 194 0 195 11 
154 0 157 0 158 8 194 1 195 5 196 2 
157 0 158 0 195 19 
156 0 157 0 158 0 192 0 195 19 
156 4 157 0 158 8 194 2 195 6 
156 0 157 0 158 0 194 0 195 20 196 0 
157 0 158 0 195 20 196 0 
156 0 157 0 195 15 196 0 
155 0 156 9 157 0 158 0 195 1 197 0 
157 0 195 13 
157 0 163 3 193 0 195 2 
157 0 194 0 195 15 
157 0 158 1 195 10 196 0 198 0 
156 1 157 0 158 0 160 0 195 15 
157 0 158 0 195 5 
154 0 156 5 157 0 195 12 
156 0 157 0 194 4 195 8 
156 0 157 0 159 2 195 15 196 0 
156 0 157 0 193 0 195 11 196 0 
157 0 158 0 194 4 195 16 196 0 
156 0 157 0 158 0 195 9 197 6 
157 0 158 0 159 3 194 2 195 4 
157 0 195 10 197 3 
156 0 157 0 195 11 196 1 
156 0 157 0 195 13 198 0 
157 0 159 0 194 0 195 5 
155 0 156 0 157 0 195 1 
156 0 157 0 195 5 196 0 
157 0 158 0 194 0 195 4 196 6 
157 0 192 2 195 2 
154 0 156 0 157 0 158 0 195 12 
154 0 157 0 195 11 
156 0 157 0 194 0 195 20 
157 0 162 0 195 4 197 0 
156 0 157 0 159 0 194 0 195 7 196 0 
157 0 159 0 192 0 194 0 195 12 196 0 198 0 
153 0 157 0 195 17 
157 0 158 0 194 0 195 3 197 0 
157 0 159 0 192 0 195 7 196 0 
157 0 195 18 196 0 
154 0 156 0 157 0 158 0 191 0 195 11 196 2 
156 0 157 0 158 0 195 1 
157 0 195 19 196 0 
157 0 195 14 
155 0 156 0 157 0 158 0 194 0 195 13 
157 0 192 0 195 15 196 5 198 0 
155 0 157 0 158 0 159 0 194 0 195 1 196 4 197 0 
156 0 157 0 158 0 195 10 197 0 
157 0 194 0 195 10 
157 0 158 0 194 0 195 14 196 0 
